-1,200000000	-0,000426000
-1,198000000	-0,000421300
-1,196000000	-0,000417000
-1,194000000	-0,000412600
-1,192000000	-0,000408300
-1,190000000	-0,000404300
-1,188000000	-0,000400500
-1,186000000	-0,000397100
-1,184000000	-0,000393300
-1,182000000	-0,000390000
-1,180000000	-0,000386800
-1,178000000	-0,000383400
-1,176000000	-0,000380100
-1,174000000	-0,000377100
-1,172000000	-0,000373900
-1,170000000	-0,000370900
-1,168000000	-0,000368300
-1,166000000	-0,000365500
-1,164000000	-0,000362700
-1,162000000	-0,000359700
-1,160000000	-0,000357000
-1,158000000	-0,000354400
-1,156000000	-0,000351700
-1,154000000	-0,000349500
-1,152000000	-0,000346700
-1,150000000	-0,000344200
-1,148000000	-0,000341700
-1,146000000	-0,000339600
-1,144000000	-0,000337000
-1,142000000	-0,000335000
-1,140000000	-0,000332500
-1,138000000	-0,000330600
-1,136000000	-0,000328000
-1,134000000	-0,000325900
-1,132000000	-0,000323500
-1,130000000	-0,000321700
-1,128000000	-0,000319500
-1,126000000	-0,000317500
-1,124000000	-0,000315500
-1,122000000	-0,000313300
-1,120000000	-0,000311300
-1,118000000	-0,000309400
-1,116000000	-0,000307300
-1,114000000	-0,000305300
-1,112000000	-0,000303200
-1,110000000	-0,000301100
-1,108000000	-0,000298900
-1,106000000	-0,000297000
-1,104000000	-0,000295300
-1,102000000	-0,000293400
-1,100000000	-0,000291800
-1,098000000	-0,000290000
-1,096000000	-0,000288200
-1,094000000	-0,000286400
-1,092000000	-0,000284400
-1,090000000	-0,000282700
-1,088000000	-0,000281300
-1,086000000	-0,000279300
-1,084000000	-0,000277500
-1,082000000	-0,000275700
-1,080000000	-0,000274100
-1,078000000	-0,000272200
-1,076000000	-0,000270500
-1,074000000	-0,000268800
-1,072000000	-0,000267000
-1,070000000	-0,000265200
-1,068000000	-0,000263600
-1,066000000	-0,000261800
-1,064000000	-0,000260100
-1,062000000	-0,000258300
-1,060000000	-0,000256500
-1,058000000	-0,000255300
-1,056000000	-0,000253500
-1,054000000	-0,000252000
-1,052000000	-0,000250100
-1,050000000	-0,000248500
-1,048000000	-0,000246900
-1,046000000	-0,000245400
-1,044000000	-0,000243900
-1,042000000	-0,000242300
-1,040000000	-0,000240700
-1,038000000	-0,000239300
-1,036000000	-0,000237600
-1,034000000	-0,000236100
-1,032000000	-0,000234400
-1,030000000	-0,000232900
-1,028000000	-0,000231400
-1,026000000	-0,000229900
-1,024000000	-0,000228300
-1,022000000	-0,000226700
-1,020000000	-0,000225100
-1,018000000	-0,000223800
-1,016000000	-0,000222500
-1,014000000	-0,000221000
-1,012000000	-0,000219600
-1,010000000	-0,000218100
-1,008000000	-0,000216500
-1,006000000	-0,000215000
-1,004000000	-0,000213200
-1,002000000	-0,000211900
-0,999700000	-0,000210400
-0,997700000	-0,000209000
-0,995700000	-0,000207600
-0,993700000	-0,000206200
-0,991700000	-0,000204900
-0,989700000	-0,000203400
-0,987700000	-0,000202000
-0,985700000	-0,000200600
-0,983700000	-0,000199100
-0,981700000	-0,000197800
-0,979800000	-0,000196400
-0,977700000	-0,000195100
-0,975700000	-0,000193600
-0,973700000	-0,000192300
-0,971700000	-0,000191000
-0,969700000	-0,000189600
-0,967700000	-0,000188400
-0,965700000	-0,000187100
-0,963700000	-0,000185700
-0,961700000	-0,000184300
-0,959600000	-0,000183100
-0,957800000	-0,000181700
-0,955800000	-0,000180400
-0,953700000	-0,000179000
-0,951700000	-0,000177700
-0,949700000	-0,000176700
-0,947700000	-0,000175300
-0,945700000	-0,000173900
-0,943700000	-0,000172400
-0,941700000	-0,000171200
-0,939700000	-0,000170000
-0,937700000	-0,000168600
-0,935700000	-0,000167300
-0,933700000	-0,000166400
-0,931700000	-0,000165000
-0,929800000	-0,000163700
-0,927700000	-0,000162200
-0,925700000	-0,000161100
-0,923700000	-0,000159900
-0,921700000	-0,000158700
-0,919700000	-0,000157800
-0,917700000	-0,000156600
-0,915700000	-0,000155400
-0,913700000	-0,000153900
-0,911700000	-0,000152800
-0,909700000	-0,000151600
-0,907800000	-0,000150400
-0,905800000	-0,000149100
-0,903700000	-0,000148000
-0,901700000	-0,000146800
-0,899800000	-0,000145700
-0,897700000	-0,000144500
-0,895700000	-0,000143300
-0,893800000	-0,000142200
-0,891700000	-0,000141000
-0,889800000	-0,000140000
-0,887700000	-0,000138700
-0,885700000	-0,000137700
-0,883700000	-0,000136600
-0,881700000	-0,000135400
-0,879700000	-0,000134200
-0,877800000	-0,000133000
-0,875800000	-0,000131800
-0,873800000	-0,000130800
-0,871800000	-0,000129700
-0,869800000	-0,000128600
-0,867700000	-0,000127600
-0,865700000	-0,000126400
-0,863700000	-0,000125200
-0,861700000	-0,000124200
-0,859700000	-0,000123300
-0,857700000	-0,000122300
-0,855700000	-0,000121200
-0,853800000	-0,000120100
-0,851800000	-0,000119000
-0,849700000	-0,000117900
-0,847700000	-0,000116900
-0,845700000	-0,000115900
-0,843700000	-0,000114900
-0,841800000	-0,000113800
-0,839700000	-0,000112700
-0,837700000	-0,000111600
-0,835700000	-0,000110600
-0,833800000	-0,000109500
-0,831700000	-0,000108600
-0,829700000	-0,000107500
-0,827900000	-0,000106500
-0,825800000	-0,000105500
-0,823800000	-0,000104500
-0,821800000	-0,000103500
-0,819800000	-0,000102600
-0,817700000	-0,000101800
-0,815800000	-0,000100800
-0,813700000	-0,000099820
-0,811700000	-0,000099040
-0,809700000	-0,000097880
-0,807700000	-0,000097070
-0,805800000	-0,000096170
-0,803700000	-0,000095120
-0,801800000	-0,000094110
-0,799700000	-0,000093150
-0,797800000	-0,000092170
-0,795800000	-0,000091250
-0,793800000	-0,000090300
-0,791800000	-0,000089380
-0,789800000	-0,000088370
-0,787800000	-0,000087400
-0,785700000	-0,000086490
-0,783800000	-0,000085560
-0,781800000	-0,000084770
-0,779900000	-0,000083810
-0,777800000	-0,000082850
-0,775800000	-0,000081950
-0,773800000	-0,000081060
-0,771800000	-0,000080230
-0,769800000	-0,000079310
-0,767800000	-0,000078410
-0,765800000	-0,000077640
-0,763700000	-0,000076800
-0,761800000	-0,000075900
-0,759800000	-0,000075070
-0,757700000	-0,000074230
-0,755700000	-0,000073350
-0,753800000	-0,000072450
-0,751700000	-0,000071570
-0,749700000	-0,000070740
-0,747700000	-0,000069840
-0,745800000	-0,000068990
-0,743800000	-0,000068150
-0,741800000	-0,000067350
-0,739700000	-0,000066560
-0,737800000	-0,000065660
-0,735800000	-0,000064710
-0,733700000	-0,000063840
-0,731800000	-0,000062890
-0,729800000	-0,000062180
-0,727700000	-0,000061380
-0,725800000	-0,000060560
-0,723700000	-0,000059690
-0,721800000	-0,000058910
-0,719700000	-0,000058110
-0,717800000	-0,000057280
-0,715800000	-0,000056460
-0,713800000	-0,000055700
-0,711800000	-0,000054950
-0,709800000	-0,000054100
-0,707800000	-0,000053270
-0,705800000	-0,000052440
-0,703700000	-0,000051660
-0,701800000	-0,000050880
-0,699800000	-0,000050050
-0,697800000	-0,000049310
-0,695800000	-0,000048480
-0,693800000	-0,000047740
-0,691800000	-0,000046970
-0,689800000	-0,000046180
-0,687800000	-0,000045380
-0,685800000	-0,000044620
-0,683800000	-0,000043860
-0,681800000	-0,000043040
-0,679800000	-0,000042250
-0,677800000	-0,000041500
-0,675800000	-0,000040680
-0,673800000	-0,000040010
-0,671800000	-0,000039200
-0,669800000	-0,000038390
-0,667800000	-0,000037680
-0,665800000	-0,000036870
-0,663800000	-0,000036140
-0,661800000	-0,000035390
-0,659800000	-0,000034610
-0,657800000	-0,000033890
-0,655800000	-0,000033110
-0,653800000	-0,000032350
-0,651700000	-0,000031610
-0,649800000	-0,000030850
-0,647900000	-0,000030060
-0,645800000	-0,000029370
-0,643800000	-0,000028610
-0,641800000	-0,000027790
-0,639900000	-0,000027070
-0,637800000	-0,000026370
-0,635800000	-0,000025680
-0,633800000	-0,000024950
-0,631800000	-0,000024220
-0,629800000	-0,000023480
-0,627800000	-0,000022770
-0,625800000	-0,000022020
-0,623800000	-0,000021300
-0,621800000	-0,000020560
-0,619900000	-0,000019840
-0,617800000	-0,000019140
-0,615800000	-0,000018430
-0,613800000	-0,000017690
-0,611800000	-0,000016970
-0,609800000	-0,000016230
-0,607800000	-0,000015530
-0,605800000	-0,000014820
-0,603800000	-0,000014150
-0,601800000	-0,000013430
-0,599800000	-0,000012740
-0,597800000	-0,000012070
-0,595800000	-0,000011390
-0,593800000	-0,000010690
-0,591800000	-0,000009998
-0,589800000	-0,000009311
-0,587800000	-0,000008613
-0,585800000	-0,000007923
-0,583800000	-0,000007245
-0,581800000	-0,000006569
-0,579800000	-0,000005940
-0,577800000	-0,000005249
-0,575800000	-0,000004573
-0,573800000	-0,000003918
-0,571800000	-0,000003281
-0,569800000	-0,000002621
-0,567800000	-0,000001920
-0,565800000	-0,000001271
-0,563900000	-0,000000634
-0,561800000	-0,000000025
-0,559800000	0,000000598
-0,557800000	0,000001251
-0,555800000	0,000001908
-0,553700000	0,000002521
-0,551800000	0,000003144
-0,549800000	0,000003796
-0,547800000	0,000004450
-0,545800000	0,000005083
-0,543800000	0,000005682
-0,541800000	0,000006319
-0,539700000	0,000006960
-0,537800000	0,000007607
-0,535800000	0,000008188
-0,533800000	0,000008806
-0,531800000	0,000009457
-0,529800000	0,000010070
-0,527800000	0,000010690
-0,525800000	0,000011300
-0,523900000	0,000011900
-0,521800000	0,000012510
-0,519800000	0,000013080
-0,517800000	0,000013660
-0,515800000	0,000014250
-0,513800000	0,000014850
-0,511800000	0,000015470
-0,509800000	0,000016030
-0,507800000	0,000016610
-0,505800000	0,000017220
-0,503800000	0,000017810
-0,501800000	0,000018420
-0,499800000	0,000018980
-0,497800000	0,000019550
-0,495900000	0,000020150
-0,493800000	0,000020720
-0,491900000	0,000021290
-0,489800000	0,000021850
-0,487900000	0,000022420
-0,485800000	0,000023000
-0,483800000	0,000023540
-0,481800000	0,000024120
-0,479900000	0,000024690
-0,477800000	0,000025220
-0,475800000	0,000025740
-0,473800000	0,000026300
-0,471800000	0,000026830
-0,469800000	0,000027350
-0,467900000	0,000027890
-0,465800000	0,000028420
-0,463800000	0,000028940
-0,461800000	0,000029440
-0,459800000	0,000030010
-0,457800000	0,000030500
-0,455800000	0,000031010
-0,453800000	0,000031510
-0,451800000	0,000032010
-0,449800000	0,000032510
-0,447700000	0,000033010
-0,445800000	0,000033540
-0,443900000	0,000033980
-0,441800000	0,000034500
-0,439800000	0,000034980
-0,437800000	0,000035450
-0,435800000	0,000035910
-0,433800000	0,000036370
-0,431900000	0,000036840
-0,429800000	0,000037320
-0,427800000	0,000037770
-0,425800000	0,000038270
-0,423800000	0,000038700
-0,421800000	0,000039170
-0,419800000	0,000039580
-0,417800000	0,000039990
-0,415800000	0,000040400
-0,413800000	0,000040790
-0,411900000	0,000041200
-0,409800000	0,000041600
-0,407800000	0,000042000
-0,405800000	0,000042380
-0,403800000	0,000042740
-0,401800000	0,000043080
-0,399800000	0,000043450
-0,397800000	0,000043820
-0,395900000	0,000044170
-0,393800000	0,000044550
-0,391800000	0,000044910
-0,389800000	0,000045340
-0,387800000	0,000045630
-0,385800000	0,000046010
-0,383900000	0,000046340
-0,381800000	0,000046650
-0,379900000	0,000047000
-0,377800000	0,000047330
-0,375800000	0,000047660
-0,373800000	0,000047960
-0,371800000	0,000048190
-0,369800000	0,000048490
-0,367800000	0,000048810
-0,365800000	0,000049150
-0,363900000	0,000049370
-0,361800000	0,000049620
-0,359900000	0,000049860
-0,357800000	0,000050150
-0,355900000	0,000050380
-0,353800000	0,000050610
-0,351800000	0,000050790
-0,349800000	0,000051010
-0,347800000	0,000051270
-0,345800000	0,000051570
-0,343900000	0,000051790
-0,341800000	0,000052000
-0,339800000	0,000052230
-0,337800000	0,000052510
-0,335900000	0,000052770
-0,333800000	0,000053020
-0,331900000	0,000053240
-0,329800000	0,000053480
-0,327900000	0,000053740
-0,325800000	0,000053970
-0,323900000	0,000054190
-0,321800000	0,000054430
-0,319800000	0,000054660
-0,317800000	0,000054960
-0,315800000	0,000055160
-0,313900000	0,000055300
-0,311900000	0,000055540
-0,309800000	0,000055830
-0,307900000	0,000056120
-0,305800000	0,000056260
-0,303900000	0,000056470
-0,301900000	0,000056670
-0,299900000	0,000056930
-0,297900000	0,000057130
-0,295900000	0,000057390
-0,293900000	0,000057610
-0,291900000	0,000057820
-0,289900000	0,000058060
-0,287900000	0,000058230
-0,285900000	0,000058410
-0,283900000	0,000058660
-0,281900000	0,000058900
-0,279900000	0,000059110
-0,277900000	0,000059450
-0,275900000	0,000059620
-0,273800000	0,000059860
-0,271900000	0,000060010
-0,269900000	0,000060220
-0,267900000	0,000060500
-0,265900000	0,000060740
-0,263800000	0,000060980
-0,261800000	0,000061210
-0,259900000	0,000061510
-0,257900000	0,000061700
-0,255900000	0,000061910
-0,253900000	0,000062180
-0,251900000	0,000062430
-0,249900000	0,000062670
-0,247900000	0,000062870
-0,245800000	0,000063160
-0,243900000	0,000063400
-0,241900000	0,000063630
-0,239900000	0,000063820
-0,237800000	0,000064060
-0,235900000	0,000064330
-0,233900000	0,000064540
-0,231900000	0,000064810
-0,229900000	0,000065140
-0,227900000	0,000065370
-0,225900000	0,000065650
-0,223900000	0,000065920
-0,221900000	0,000066210
-0,219900000	0,000066420
-0,217900000	0,000066670
-0,215900000	0,000066960
-0,213900000	0,000067260
-0,211900000	0,000067540
-0,209900000	0,000067810
-0,207900000	0,000068100
-0,205900000	0,000068410
-0,203900000	0,000068620
-0,201900000	0,000068880
-0,200000000	0,000069220
-0,197900000	0,000069450
-0,195900000	0,000069700
-0,193900000	0,000070040
-0,191900000	0,000070320
-0,189900000	0,000070660
-0,187900000	0,000070940
-0,185900000	0,000071160
-0,184000000	0,000071410
-0,181900000	0,000071720
-0,179900000	0,000071980
-0,177900000	0,000072240
-0,176000000	0,000072540
-0,173900000	0,000072870
-0,171900000	0,000073200
-0,169900000	0,000073500
-0,167900000	0,000073740
-0,165900000	0,000074030
-0,163900000	0,000074440
-0,161900000	0,000074730
-0,160000000	0,000074870
-0,157900000	0,000075200
-0,155900000	0,000075480
-0,153900000	0,000075730
-0,152000000	0,000076010
-0,149900000	0,000076340
-0,147900000	0,000076590
-0,145900000	0,000076880
-0,143900000	0,000077130
-0,141900000	0,000077310
-0,139800000	0,000077540
-0,137900000	0,000077770
-0,135900000	0,000078020
-0,133900000	0,000078420
-0,131900000	0,000078700
-0,129900000	0,000078990
-0,127900000	0,000079330
-0,125900000	0,000079670
-0,123900000	0,000079970
-0,121900000	0,000080240
-0,119900000	0,000080400
-0,117900000	0,000080660
-0,115900000	0,000081010
-0,113900000	0,000081280
-0,111900000	0,000081530
-0,109900000	0,000081810
-0,107900000	0,000082010
-0,105900000	0,000082180
-0,103900000	0,000082450
-0,101900000	0,000082760
-0,099920000	0,000083050
-0,097890000	0,000083350
-0,095920000	0,000083520
-0,093880000	0,000083770
-0,091910000	0,000084080
-0,089920000	0,000084250
-0,087990000	0,000084520
-0,085870000	0,000084800
-0,083940000	0,000085070
-0,081890000	0,000085350
-0,079940000	0,000085660
-0,077890000	0,000085910
-0,075950000	0,000086150
-0,073900000	0,000086450
-0,071940000	0,000086670
-0,069890000	0,000086930
-0,067920000	0,000087300
-0,065910000	0,000087560
-0,063910000	0,000087780
-0,061870000	0,000088010
-0,059940000	0,000088340
-0,057920000	0,000088580
-0,055940000	0,000088850
-0,053890000	0,000089110
-0,051930000	0,000089390
-0,049900000	0,000089690
-0,047930000	0,000089960
-0,045890000	0,000090250
-0,043920000	0,000090540
-0,041910000	0,000090780
-0,039920000	0,000091060
-0,037870000	0,000091390
-0,035950000	0,000091630
-0,033940000	0,000091890
-0,031900000	0,000092340
-0,029890000	0,000092590
-0,027930000	0,000092810
-0,025910000	0,000093110
-0,023940000	0,000093380
-0,021900000	0,000093720
-0,019940000	0,000094080
-0,017920000	0,000094430
-0,015940000	0,000094750
-0,013920000	0,000095070
-0,011950000	0,000095330
-0,009965000	0,000095670
-0,007890000	0,000095950
-0,005888000	0,000096230
-0,003934000	0,000096550
-0,001917000	0,000096870
0,000041140	0,000097270
0,002103000	0,000097570
0,004030000	0,000097930
0,006057000	0,000098240
0,008050000	0,000098580
0,010070000	0,000098900
0,012050000	0,000099160
0,014050000	0,000099600
0,016060000	0,000099780
0,018060000	0,000100100
0,020010000	0,000100400
0,022090000	0,000100800
0,023920000	0,000101100
0,026060000	0,000101400
0,027970000	0,000101700
0,030070000	0,000102000
0,031980000	0,000102300
0,034070000	0,000102700
0,036030000	0,000102900
0,038070000	0,000103200
0,039890000	0,000103600
0,042100000	0,000103900
0,043960000	0,000104300
0,046080000	0,000104600
0,047950000	0,000105000
0,050060000	0,000105200
0,051980000	0,000105600
0,054090000	0,000106000
0,055950000	0,000106300
0,058050000	0,000106600
0,060010000	0,000106900
0,062070000	0,000107200
0,064020000	0,000107600
0,066080000	0,000107800
0,068010000	0,000108300
0,070050000	0,000108600
0,071940000	0,000108900
0,074070000	0,000109200
0,076000000	0,000109500
0,078070000	0,000109800
0,079920000	0,000110100
0,082050000	0,000110400
0,083990000	0,000110900
0,086050000	0,000111200
0,088020000	0,000111500
0,090060000	0,000111800
0,092010000	0,000112200
0,094070000	0,000112500
0,095930000	0,000112800
0,098030000	0,000113000
0,099960000	0,000113300
0,102100000	0,000113700
0,103900000	0,000114100
0,106000000	0,000114400
0,108000000	0,000114600
0,110000000	0,000114900
0,112000000	0,000115200
0,114000000	0,000115500
0,116000000	0,000115800
0,118100000	0,000116100
0,119900000	0,000116300
0,122000000	0,000116700
0,123900000	0,000116900
0,126000000	0,000117200
0,127900000	0,000117500
0,130000000	0,000117800
0,131900000	0,000118100
0,134000000	0,000118400
0,135900000	0,000118600
0,138000000	0,000118900
0,140000000	0,000119300
0,142000000	0,000119500
0,144000000	0,000119600
0,146000000	0,000119800
0,147900000	0,000120100
0,150000000	0,000120500
0,151900000	0,000120900
0,154000000	0,000121000
0,155900000	0,000121200
0,158000000	0,000121400
0,159900000	0,000121600
0,162000000	0,000122000
0,164000000	0,000122300
0,166000000	0,000122600
0,167800000	0,000122800
0,170000000	0,000123100
0,171900000	0,000123300
0,174000000	0,000123600
0,175800000	0,000123900
0,178000000	0,000124100
0,179900000	0,000124300
0,182000000	0,000124600
0,183900000	0,000124900
0,186000000	0,000125100
0,187900000	0,000125300
0,190000000	0,000125500
0,192000000	0,000125600
0,194000000	0,000125700
0,196000000	0,000125900
0,198000000	0,000126000
0,199800000	0,000126000
0,202000000	0,000126100
0,203900000	0,000126200
0,206000000	0,000126300
0,207900000	0,000126300
0,210000000	0,000126400
0,211900000	0,000126400
0,214000000	0,000126500
0,215900000	0,000126300
0,218000000	0,000126400
0,219900000	0,000126300
0,222000000	0,000126400
0,223800000	0,000126300
0,226000000	0,000126400
0,227900000	0,000126400
0,230000000	0,000126200
0,231800000	0,000126200
0,233900000	0,000126200
0,235900000	0,000126200
0,238000000	0,000126100
0,239900000	0,000126000
0,242000000	0,000125800
0,243900000	0,000125600
0,246000000	0,000125500
0,247900000	0,000125300
0,250000000	0,000125200
0,251900000	0,000125000
0,254000000	0,000124800
0,255800000	0,000124600
0,258000000	0,000124400
0,259900000	0,000124200
0,262000000	0,000124000
0,263900000	0,000123800
0,266000000	0,000123500
0,267900000	0,000123100
0,270000000	0,000122800
0,271900000	0,000122500
0,274000000	0,000122200
0,275900000	0,000122000
0,278000000	0,000121800
0,279800000	0,000121300
0,282000000	0,000120900
0,283900000	0,000120600
0,286000000	0,000120300
0,287900000	0,000120000
0,290000000	0,000119600
0,291900000	0,000119300
0,294000000	0,000119000
0,295900000	0,000118600
0,298000000	0,000118400
0,299900000	0,000118000
0,302000000	0,000117700
0,303900000	0,000117400
0,306000000	0,000117200
0,307900000	0,000116900
0,310000000	0,000116400
0,311900000	0,000116000
0,314000000	0,000115800
0,315900000	0,000115400
0,318000000	0,000115300
0,320000000	0,000115100
0,322000000	0,000114700
0,324000000	0,000114300
0,326000000	0,000114100
0,327800000	0,000113900
0,330000000	0,000113800
0,331900000	0,000113600
0,334000000	0,000113400
0,335900000	0,000113100
0,337900000	0,000112800
0,339900000	0,000112600
0,342000000	0,000112400
0,344000000	0,000112200
0,346000000	0,000111900
0,347900000	0,000111600
0,349900000	0,000111400
0,351900000	0,000111300
0,354000000	0,000111100
0,355900000	0,000110800
0,358000000	0,000110800
0,359900000	0,000110600
0,362000000	0,000110300
0,363900000	0,000110200
0,366000000	0,000110000
0,367900000	0,000110000
0,370000000	0,000109900
0,371900000	0,000109800
0,374000000	0,000109600
0,375900000	0,000109500
0,378000000	0,000109300
0,379900000	0,000109200
0,382000000	0,000109200
0,383900000	0,000109100
0,386000000	0,000109000
0,387900000	0,000108900
0,390000000	0,000108800
0,391900000	0,000108700
0,394000000	0,000108600
0,396000000	0,000108600
0,397900000	0,000108600
0,400000000	0,000108600
0,402000000	0,000108600
0,403900000	0,000108500
0,406000000	0,000108600
0,407900000	0,000108500
0,410000000	0,000108500
0,411900000	0,000108500
0,414000000	0,000108300
0,415900000	0,000108300
0,418000000	0,000108400
0,419900000	0,000108300
0,422000000	0,000108300
0,423900000	0,000108400
0,426000000	0,000108400
0,427900000	0,000108500
0,430000000	0,000108400
0,431800000	0,000108500
0,434000000	0,000108700
0,435800000	0,000108700
0,438000000	0,000108700
0,439900000	0,000108700
0,441900000	0,000108700
0,443900000	0,000108800
0,446000000	0,000109000
0,447900000	0,000109100
0,450000000	0,000109100
0,451900000	0,000109300
0,454000000	0,000109300
0,455900000	0,000109500
0,458000000	0,000109500
0,459900000	0,000109500
0,462000000	0,000109700
0,463900000	0,000109700
0,465900000	0,000109800
0,467900000	0,000110000
0,470000000	0,000110100
0,471900000	0,000110200
0,474000000	0,000110300
0,475900000	0,000110600
0,477900000	0,000110800
0,479900000	0,000110800
0,482000000	0,000110900
0,483900000	0,000111200
0,485900000	0,000111200
0,487900000	0,000111200
0,489900000	0,000111400
0,491900000	0,000111600
0,494000000	0,000111900
0,495900000	0,000112000
0,497900000	0,000112100
0,499900000	0,000112200
0,502000000	0,000112500
0,503900000	0,000112700
0,506000000	0,000112900
0,507800000	0,000113100
0,510000000	0,000113300
0,511800000	0,000113400
0,513900000	0,000113700
0,515800000	0,000113900
0,517900000	0,000114100
0,519900000	0,000114200
0,521900000	0,000114400
0,523900000	0,000114500
0,525800000	0,000114700
0,527900000	0,000114900
0,530000000	0,000115100
0,531800000	0,000115300
0,533900000	0,000115600
0,535800000	0,000115900
0,537900000	0,000115900
0,539800000	0,000116200
0,541900000	0,000116500
0,543800000	0,000116700
0,545900000	0,000116900
0,547900000	0,000117200
0,549900000	0,000117400
0,551800000	0,000117600
0,554000000	0,000118000
0,555800000	0,000118200
0,557900000	0,000118300
0,559800000	0,000118600
0,561900000	0,000118900
0,563800000	0,000119100
0,565900000	0,000119400
0,567800000	0,000119700
0,569900000	0,000119900
0,571800000	0,000120200
0,573900000	0,000120400
0,575900000	0,000120600
0,577900000	0,000120900
0,579900000	0,000121200
0,581900000	0,000121500
0,583800000	0,000121600
0,585900000	0,000121900
0,587800000	0,000122200
0,589900000	0,000122700
0,591800000	0,000123000
0,593800000	0,000123300
0,595800000	0,000123500
0,597900000	0,000123800
0,599800000	0,000124200
0,601900000	0,000124500
0,603800000	0,000124700
0,605900000	0,000125000
0,607800000	0,000125300
0,609900000	0,000125700
0,611800000	0,000125900
0,613900000	0,000126300
0,615800000	0,000126600
0,617900000	0,000126900
0,619800000	0,000127200
0,621900000	0,000127400
0,623900000	0,000127700
0,625900000	0,000128100
0,627900000	0,000128400
0,630000000	0,000128700
0,631900000	0,000129000
0,633900000	0,000129300
0,635800000	0,000129700
0,637900000	0,000130100
0,639900000	0,000130400
0,641900000	0,000130700
0,643900000	0,000131100
0,645900000	0,000131400
0,647900000	0,000131700
0,649900000	0,000132100
0,651900000	0,000132300
0,653900000	0,000132700
0,655900000	0,000133200
0,657900000	0,000133400
0,659900000	0,000133800
0,661900000	0,000134300
0,663900000	0,000134600
0,665900000	0,000135000
0,667900000	0,000135500
0,669900000	0,000135700
0,671900000	0,000136200
0,673900000	0,000136500
0,675900000	0,000136900
0,677900000	0,000137400
0,679900000	0,000137600
0,682000000	0,000138000
0,683900000	0,000138400
0,685900000	0,000138800
0,687900000	0,000139200
0,689900000	0,000139600
0,691900000	0,000140000
0,693900000	0,000140500
0,695900000	0,000140800
0,697900000	0,000141100
0,699900000	0,000141700
0,701900000	0,000142100
0,703900000	0,000142600
0,705900000	0,000143000
0,707800000	0,000143300
0,709800000	0,000143800
0,711900000	0,000144200
0,713900000	0,000144700
0,715900000	0,000145100
0,717800000	0,000145500
0,719900000	0,000145900
0,721900000	0,000146400
0,723900000	0,000146800
0,725900000	0,000147200
0,727900000	0,000147700
0,729900000	0,000148100
0,731800000	0,000148400
0,733800000	0,000148900
0,735900000	0,000149400
0,737900000	0,000149900
0,739800000	0,000150300
0,741900000	0,000150800
0,743800000	0,000151100
0,745800000	0,000151700
0,747800000	0,000152200
0,749800000	0,000152600
0,751900000	0,000153100
0,753900000	0,000153500
0,755800000	0,000153900
0,757900000	0,000154300
0,759800000	0,000154800
0,761900000	0,000155300
0,763800000	0,000155800
0,765800000	0,000156200
0,767900000	0,000156700
0,769900000	0,000157300
0,771800000	0,000157700
0,773800000	0,000158300
0,775900000	0,000158700
0,777900000	0,000159300
0,779900000	0,000159900
0,781900000	0,000160200
0,783800000	0,000160700
0,785900000	0,000161200
0,787800000	0,000161900
0,789800000	0,000162300
0,791900000	0,000162600
0,793900000	0,000163300
0,795800000	0,000163700
0,797900000	0,000164300
0,799800000	0,000164800
0,801900000	0,000165200
0,803900000	0,000165600
0,805800000	0,000166100
0,807800000	0,000166600
0,809900000	0,000167300
0,811800000	0,000168000
0,813700000	0,000168600
0,815800000	0,000169100
0,817800000	0,000169500
0,819800000	0,000170100
0,821800000	0,000170700
0,823800000	0,000171300
0,825800000	0,000171900
0,827800000	0,000172600
0,829900000	0,000173000
0,831800000	0,000173700
0,833800000	0,000174400
0,835800000	0,000175100
0,837800000	0,000175600
0,839800000	0,000176100
0,841800000	0,000176700
0,843800000	0,000177000
0,845800000	0,000177600
0,847800000	0,000178300
0,849800000	0,000178800
0,851800000	0,000179500
0,853800000	0,000180200
0,855800000	0,000180800
0,857900000	0,000181300
0,859800000	0,000181800
0,861800000	0,000182500
0,863800000	0,000183100
0,865800000	0,000183800
0,867800000	0,000184300
0,869800000	0,000185000
0,871800000	0,000185700
0,873800000	0,000186400
0,875800000	0,000187000
0,877800000	0,000187600
0,879900000	0,000188300
0,881800000	0,000189000
0,883800000	0,000189600
0,885800000	0,000190200
0,887900000	0,000190900
0,889800000	0,000191500
0,891800000	0,000192200
0,893900000	0,000192800
0,895800000	0,000193500
0,897800000	0,000194000
0,899800000	0,000194800
0,901800000	0,000195400
0,903800000	0,000196100
0,905800000	0,000196700
0,907800000	0,000197200
0,909700000	0,000198100
0,911800000	0,000198700
0,913900000	0,000199500
0,915800000	0,000200100
0,917800000	0,000200800
0,919800000	0,000201500
0,921800000	0,000202000
0,923800000	0,000203000
0,925800000	0,000203700
0,927800000	0,000204200
0,929800000	0,000204900
0,931800000	0,000205700
0,933800000	0,000206500
0,935800000	0,000207100
0,937900000	0,000207800
0,939800000	0,000208400
0,941800000	0,000209100
0,943800000	0,000210000
0,945700000	0,000210600
0,947800000	0,000211000
0,949800000	0,000211700
0,951800000	0,000212800
0,953800000	0,000213400
0,955800000	0,000214100
0,957800000	0,000214900
0,959800000	0,000215700
0,961700000	0,000216300
0,963800000	0,000217000
0,965800000	0,000217600
0,967800000	0,000218300
0,969700000	0,000219000
0,971800000	0,000219600
0,973700000	0,000220500
0,975800000	0,000221100
0,977700000	0,000221900
0,979800000	0,000222700
0,981800000	0,000223500
0,983800000	0,000224300
0,985800000	0,000224800
0,987700000	0,000225500
0,989700000	0,000226400
0,991800000	0,000227100
0,993700000	0,000227900
0,995800000	0,000228600
0,997700000	0,000229200
0,999800000	0,000229800
1,002000000	0,000230700
1,004000000	0,000231400
1,006000000	0,000232300
1,008000000	0,000233200
1,010000000	0,000234000
1,012000000	0,000234400
1,014000000	0,000235100
1,016000000	0,000236300
1,018000000	0,000236800
1,020000000	0,000237500
1,022000000	0,000238400
1,024000000	0,000239100
1,026000000	0,000240000
1,028000000	0,000240700
1,030000000	0,000241200
1,032000000	0,000241900
1,034000000	0,000242700
1,036000000	0,000243600
1,038000000	0,000244100
1,040000000	0,000245000
1,042000000	0,000245800
1,044000000	0,000246600
1,046000000	0,000247500
1,048000000	0,000248100
1,050000000	0,000248700
1,052000000	0,000249400
1,054000000	0,000250100
1,056000000	0,000250900
1,058000000	0,000251500
1,060000000	0,000252100
1,062000000	0,000253000
1,064000000	0,000253400
1,066000000	0,000254200
1,068000000	0,000255100
1,070000000	0,000255900
1,072000000	0,000256500
1,074000000	0,000257300
1,076000000	0,000258100
1,078000000	0,000258900
1,080000000	0,000259400
1,082000000	0,000260100
1,084000000	0,000260700
1,086000000	0,000261600
1,088000000	0,000262100
1,090000000	0,000262800
1,092000000	0,000263400
1,094000000	0,000263900
1,096000000	0,000264800
1,098000000	0,000265400
1,100000000	0,000266100
1,102000000	0,000266600
1,104000000	0,000267300
1,106000000	0,000268100
1,108000000	0,000268700
1,110000000	0,000269500
1,112000000	0,000269800
1,114000000	0,000270400
1,116000000	0,000271200
1,118000000	0,000271700
1,120000000	0,000272600
1,122000000	0,000273100
1,124000000	0,000273800
1,126000000	0,000274500
1,128000000	0,000275100
1,130000000	0,000275800
1,132000000	0,000276400
1,134000000	0,000277200
1,136000000	0,000277800
1,138000000	0,000278600
1,140000000	0,000279000
1,142000000	0,000279600
1,144000000	0,000280600
1,146000000	0,000280900
1,148000000	0,000281700
1,150000000	0,000282200
1,152000000	0,000283000
1,154000000	0,000283700
1,156000000	0,000284300
1,158000000	0,000285200
1,160000000	0,000286000
1,162000000	0,000286700
1,164000000	0,000287300
1,166000000	0,000288000
1,168000000	0,000288700
1,170000000	0,000289700
1,172000000	0,000290100
1,174000000	0,000290700
1,176000000	0,000291600
1,178000000	0,000292600
1,180000000	0,000293400
1,182000000	0,000294200
1,184000000	0,000294900
1,186000000	0,000295500
1,188000000	0,000296100
1,190000000	0,000296800
1,192000000	0,000297600
1,194000000	0,000298600
1,196000000	0,000299200
1,198000000	0,000300100
1,200000000	0,000301100
1,198000000	0,000296700
1,196000000	0,000292400
1,194000000	0,000288400
1,192000000	0,000284600
1,190000000	0,000280800
1,188000000	0,000277000
1,186000000	0,000273400
1,184000000	0,000270000
1,182000000	0,000266600
1,180000000	0,000263400
1,178000000	0,000260000
1,176000000	0,000257000
1,174000000	0,000253900
1,172000000	0,000250700
1,170000000	0,000247900
1,168000000	0,000244900
1,166000000	0,000241900
1,164000000	0,000239000
1,162000000	0,000235900
1,160000000	0,000233100
1,158000000	0,000230300
1,156000000	0,000227500
1,154000000	0,000224600
1,152000000	0,000221900
1,150000000	0,000219300
1,148000000	0,000216700
1,146000000	0,000214000
1,144000000	0,000211600
1,142000000	0,000208700
1,140000000	0,000206200
1,138000000	0,000203800
1,136000000	0,000201400
1,134000000	0,000199000
1,132000000	0,000196500
1,130000000	0,000193900
1,128000000	0,000191400
1,126000000	0,000189100
1,124000000	0,000186700
1,122000000	0,000184500
1,120000000	0,000182200
1,118000000	0,000180100
1,116000000	0,000177800
1,114000000	0,000175500
1,112000000	0,000173200
1,110000000	0,000171000
1,108000000	0,000168700
1,106000000	0,000166500
1,104000000	0,000164400
1,102000000	0,000162200
1,100000000	0,000160000
1,098000000	0,000157800
1,096000000	0,000155700
1,094000000	0,000153700
1,092000000	0,000151700
1,090000000	0,000149700
1,088000000	0,000147600
1,086000000	0,000145500
1,084000000	0,000143300
1,082000000	0,000141500
1,080000000	0,000139500
1,078000000	0,000137500
1,076000000	0,000135500
1,074000000	0,000133700
1,072000000	0,000131800
1,070000000	0,000129900
1,068000000	0,000128000
1,066000000	0,000126100
1,064000000	0,000124400
1,062000000	0,000122600
1,060000000	0,000120600
1,058000000	0,000118800
1,056000000	0,000117100
1,054000000	0,000115200
1,052000000	0,000113500
1,050000000	0,000111800
1,048000000	0,000110000
1,046000000	0,000108300
1,044000000	0,000106600
1,042000000	0,000104800
1,040000000	0,000103100
1,038000000	0,000101600
1,036000000	0,000099790
1,034000000	0,000098150
1,032000000	0,000096400
1,030000000	0,000094780
1,028000000	0,000093080
1,026000000	0,000091520
1,024000000	0,000089870
1,022000000	0,000088280
1,020000000	0,000086660
1,018000000	0,000085190
1,016000000	0,000083630
1,014000000	0,000082060
1,012000000	0,000080520
1,010000000	0,000079050
1,008000000	0,000077500
1,006000000	0,000076010
1,004000000	0,000074460
1,002000000	0,000072960
0,999800000	0,000071500
0,997800000	0,000070070
0,995800000	0,000068650
0,993800000	0,000067210
0,991800000	0,000065820
0,989900000	0,000064410
0,987800000	0,000063000
0,985900000	0,000061590
0,983800000	0,000060190
0,981800000	0,000058810
0,979800000	0,000057430
0,977700000	0,000056070
0,975800000	0,000054750
0,973700000	0,000053380
0,971800000	0,000052040
0,969800000	0,000050740
0,967800000	0,000049450
0,965800000	0,000048120
0,963800000	0,000046830
0,961900000	0,000045480
0,959800000	0,000044260
0,957800000	0,000043020
0,955800000	0,000041770
0,953800000	0,000040540
0,951800000	0,000039260
0,949800000	0,000038030
0,947800000	0,000036840
0,945800000	0,000035620
0,943800000	0,000034380
0,941900000	0,000033170
0,939800000	0,000032020
0,937800000	0,000030860
0,935800000	0,000029690
0,933800000	0,000028510
0,931800000	0,000027330
0,929800000	0,000026200
0,927800000	0,000025100
0,925800000	0,000024000
0,923800000	0,000022870
0,921800000	0,000021720
0,919800000	0,000020650
0,917800000	0,000019560
0,915800000	0,000018500
0,913800000	0,000017410
0,911800000	0,000016330
0,909700000	0,000015290
0,907800000	0,000014270
0,905800000	0,000013210
0,903800000	0,000012200
0,901800000	0,000011210
0,899800000	0,000010160
0,897800000	0,000009166
0,895800000	0,000008162
0,893900000	0,000007172
0,891800000	0,000006193
0,889800000	0,000005230
0,887800000	0,000004277
0,885800000	0,000003297
0,883800000	0,000002349
0,881800000	0,000001442
0,879900000	0,000000514
0,877800000	-0,000000315
0,875800000	-0,000001208
0,873800000	-0,000002157
0,871800000	-0,000003030
0,869700000	-0,000003930
0,867800000	-0,000004833
0,865800000	-0,000005674
0,863800000	-0,000006540
0,861700000	-0,000007393
0,859800000	-0,000008264
0,857900000	-0,000009115
0,855800000	-0,000009990
0,853800000	-0,000010790
0,851800000	-0,000011620
0,849800000	-0,000012430
0,847800000	-0,000013230
0,845800000	-0,000014010
0,843800000	-0,000014820
0,841800000	-0,000015620
0,839800000	-0,000016410
0,837800000	-0,000017210
0,835800000	-0,000017970
0,833900000	-0,000018720
0,831900000	-0,000019450
0,829800000	-0,000020200
0,827800000	-0,000020920
0,825800000	-0,000021670
0,823800000	-0,000022420
0,821800000	-0,000023130
0,819800000	-0,000023810
0,817800000	-0,000024490
0,815800000	-0,000025190
0,813800000	-0,000025840
0,811800000	-0,000026520
0,809800000	-0,000027200
0,807800000	-0,000027900
0,805800000	-0,000028590
0,803800000	-0,000029240
0,801800000	-0,000029900
0,799800000	-0,000030540
0,797800000	-0,000031160
0,795800000	-0,000031790
0,793800000	-0,000032390
0,791800000	-0,000033050
0,789800000	-0,000033670
0,787800000	-0,000034300
0,785900000	-0,000034920
0,783700000	-0,000035480
0,781600000	-0,000036070
0,779800000	-0,000036650
0,777800000	-0,000037260
0,775800000	-0,000037820
0,773800000	-0,000038350
0,771800000	-0,000038940
0,769800000	-0,000039550
0,767800000	-0,000040090
0,765800000	-0,000040590
0,763800000	-0,000041140
0,761900000	-0,000041660
0,759700000	-0,000042250
0,757700000	-0,000042720
0,755800000	-0,000043200
0,753900000	-0,000043730
0,751900000	-0,000044230
0,749800000	-0,000044750
0,747800000	-0,000045250
0,745800000	-0,000045730
0,743800000	-0,000046220
0,741800000	-0,000046690
0,739800000	-0,000047120
0,737900000	-0,000047610
0,735800000	-0,000048070
0,733800000	-0,000048560
0,731800000	-0,000048970
0,729900000	-0,000049410
0,727900000	-0,000049910
0,725900000	-0,000050380
0,723800000	-0,000050750
0,721900000	-0,000051160
0,719900000	-0,000051590
0,717700000	-0,000051970
0,715900000	-0,000052350
0,713900000	-0,000052720
0,711900000	-0,000053090
0,709900000	-0,000053500
0,707800000	-0,000053950
0,705900000	-0,000054310
0,703900000	-0,000054700
0,701900000	-0,000055140
0,699900000	-0,000055570
0,697900000	-0,000055940
0,695900000	-0,000056270
0,693900000	-0,000056630
0,691900000	-0,000057000
0,689900000	-0,000057320
0,687900000	-0,000057700
0,685800000	-0,000058090
0,683900000	-0,000058390
0,682000000	-0,000058750
0,679900000	-0,000059090
0,677900000	-0,000059370
0,675900000	-0,000059740
0,673900000	-0,000060030
0,671900000	-0,000060420
0,669900000	-0,000060710
0,667900000	-0,000060990
0,665900000	-0,000061330
0,663900000	-0,000061630
0,661800000	-0,000061910
0,659900000	-0,000062170
0,657900000	-0,000062470
0,655800000	-0,000062810
0,653900000	-0,000063100
0,651900000	-0,000063390
0,649900000	-0,000063690
0,647900000	-0,000064000
0,645900000	-0,000064280
0,643900000	-0,000064570
0,641900000	-0,000064830
0,639900000	-0,000065120
0,637900000	-0,000065380
0,635900000	-0,000065680
0,633900000	-0,000065870
0,631900000	-0,000066120
0,629900000	-0,000066390
0,627900000	-0,000066740
0,625900000	-0,000066940
0,623900000	-0,000067210
0,621900000	-0,000067470
0,619900000	-0,000067790
0,617900000	-0,000068020
0,615900000	-0,000068230
0,613800000	-0,000068500
0,611900000	-0,000068750
0,609900000	-0,000069000
0,607900000	-0,000069180
0,605900000	-0,000069410
0,603900000	-0,000069610
0,602000000	-0,000069810
0,599900000	-0,000070070
0,597900000	-0,000070240
0,595900000	-0,000070460
0,593900000	-0,000070730
0,591900000	-0,000070930
0,589800000	-0,000071180
0,587900000	-0,000071360
0,585900000	-0,000071590
0,583900000	-0,000071760
0,581800000	-0,000071930
0,579800000	-0,000072190
0,577900000	-0,000072390
0,575900000	-0,000072590
0,573900000	-0,000072750
0,571900000	-0,000072890
0,569900000	-0,000073060
0,567900000	-0,000073320
0,565900000	-0,000073540
0,563900000	-0,000073800
0,561900000	-0,000073930
0,559900000	-0,000074160
0,557800000	-0,000074270
0,555900000	-0,000074450
0,554000000	-0,000074540
0,551900000	-0,000074740
0,549900000	-0,000074930
0,547900000	-0,000075110
0,545900000	-0,000075240
0,543900000	-0,000075420
0,541900000	-0,000075590
0,539900000	-0,000075780
0,537900000	-0,000075910
0,535900000	-0,000076070
0,533900000	-0,000076190
0,531900000	-0,000076410
0,530000000	-0,000076510
0,527900000	-0,000076670
0,525800000	-0,000076870
0,523900000	-0,000076980
0,521900000	-0,000077170
0,519900000	-0,000077270
0,517900000	-0,000077360
0,515800000	-0,000077570
0,513900000	-0,000077700
0,511800000	-0,000077810
0,509900000	-0,000077940
0,507800000	-0,000078070
0,505900000	-0,000078170
0,503900000	-0,000078250
0,501900000	-0,000078400
0,499800000	-0,000078510
0,497900000	-0,000078680
0,495900000	-0,000078800
0,493900000	-0,000078950
0,491800000	-0,000079090
0,489900000	-0,000079150
0,487800000	-0,000079350
0,485900000	-0,000079450
0,483800000	-0,000079670
0,481900000	-0,000079780
0,479800000	-0,000079890
0,477900000	-0,000079930
0,475800000	-0,000080050
0,474000000	-0,000080170
0,471900000	-0,000080160
0,469900000	-0,000080270
0,467900000	-0,000080460
0,465900000	-0,000080490
0,463800000	-0,000080570
0,461900000	-0,000080710
0,459800000	-0,000080750
0,457900000	-0,000080810
0,455800000	-0,000080810
0,453900000	-0,000080960
0,451900000	-0,000081070
0,450000000	-0,000081220
0,447900000	-0,000081310
0,445900000	-0,000081450
0,443900000	-0,000081490
0,441900000	-0,000081620
0,439800000	-0,000081700
0,437900000	-0,000081810
0,435800000	-0,000081940
0,433900000	-0,000082010
0,431800000	-0,000082090
0,430000000	-0,000082160
0,427900000	-0,000082210
0,426000000	-0,000082260
0,423900000	-0,000082360
0,422000000	-0,000082450
0,419900000	-0,000082560
0,417900000	-0,000082640
0,415900000	-0,000082710
0,413900000	-0,000082840
0,411900000	-0,000082860
0,410000000	-0,000082940
0,407900000	-0,000082910
0,405900000	-0,000083040
0,403900000	-0,000083080
0,402000000	-0,000083150
0,399900000	-0,000083160
0,397900000	-0,000083210
0,395900000	-0,000083370
0,393900000	-0,000083530
0,391900000	-0,000083630
0,389900000	-0,000083680
0,387900000	-0,000083720
0,385900000	-0,000083790
0,383900000	-0,000083860
0,381900000	-0,000083870
0,379900000	-0,000083920
0,378000000	-0,000084000
0,375900000	-0,000084080
0,373800000	-0,000084180
0,371900000	-0,000084260
0,370000000	-0,000084220
0,367900000	-0,000084340
0,366000000	-0,000084520
0,363900000	-0,000084510
0,362000000	-0,000084550
0,359900000	-0,000084610
0,357900000	-0,000084630
0,355900000	-0,000084640
0,354000000	-0,000084710
0,351900000	-0,000084760
0,349900000	-0,000084830
0,347900000	-0,000084910
0,346000000	-0,000084960
0,343900000	-0,000084980
0,342000000	-0,000084980
0,339900000	-0,000085080
0,337900000	-0,000085120
0,335900000	-0,000085100
0,334000000	-0,000085250
0,331900000	-0,000085300
0,330000000	-0,000085320
0,327900000	-0,000085390
0,326000000	-0,000085390
0,323900000	-0,000085490
0,322000000	-0,000085440
0,320000000	-0,000085340
0,318000000	-0,000085390
0,315900000	-0,000085410
0,314000000	-0,000085440
0,311900000	-0,000085420
0,310000000	-0,000085370
0,307900000	-0,000085330
0,306000000	-0,000085330
0,303900000	-0,000085480
0,302000000	-0,000085440
0,299900000	-0,000085470
0,298000000	-0,000085520
0,295900000	-0,000085530
0,294000000	-0,000085540
0,292000000	-0,000085600
0,290000000	-0,000085670
0,287900000	-0,000085650
0,286000000	-0,000085650
0,283900000	-0,000085710
0,282000000	-0,000085670
0,279900000	-0,000085610
0,278000000	-0,000085600
0,275900000	-0,000085630
0,274000000	-0,000085680
0,272000000	-0,000085650
0,270000000	-0,000085630
0,268000000	-0,000085600
0,266000000	-0,000085540
0,263900000	-0,000085570
0,262000000	-0,000085590
0,259900000	-0,000085550
0,258000000	-0,000085570
0,255900000	-0,000085530
0,254000000	-0,000085610
0,251900000	-0,000085710
0,250000000	-0,000085720
0,247900000	-0,000085720
0,246000000	-0,000085740
0,243900000	-0,000085800
0,242000000	-0,000085700
0,240000000	-0,000085750
0,238000000	-0,000085760
0,235900000	-0,000085740
0,234000000	-0,000085760
0,231900000	-0,000085760
0,230000000	-0,000085730
0,227900000	-0,000085730
0,226000000	-0,000085750
0,223900000	-0,000085820
0,222000000	-0,000085850
0,219900000	-0,000085830
0,218000000	-0,000085880
0,216000000	-0,000085800
0,214000000	-0,000085790
0,212000000	-0,000085790
0,210000000	-0,000085780
0,207900000	-0,000085860
0,206000000	-0,000085850
0,203900000	-0,000085860
0,202000000	-0,000085800
0,199900000	-0,000085810
0,198000000	-0,000085840
0,196000000	-0,000085890
0,194000000	-0,000085960
0,192000000	-0,000085970
0,190000000	-0,000085950
0,188000000	-0,000085990
0,186000000	-0,000086030
0,183900000	-0,000086040
0,182000000	-0,000086000
0,179900000	-0,000086080
0,178000000	-0,000086100
0,175900000	-0,000086120
0,174000000	-0,000086190
0,172000000	-0,000086280
0,170000000	-0,000086280
0,167900000	-0,000086320
0,166000000	-0,000086300
0,164000000	-0,000086310
0,162000000	-0,000086320
0,160000000	-0,000086440
0,158000000	-0,000086510
0,155900000	-0,000086490
0,154000000	-0,000086480
0,151900000	-0,000086510
0,150000000	-0,000086400
0,148000000	-0,000086410
0,146000000	-0,000086430
0,144000000	-0,000086510
0,141900000	-0,000086530
0,140000000	-0,000086620
0,138000000	-0,000086660
0,136000000	-0,000086710
0,134000000	-0,000086720
0,131900000	-0,000086660
0,130000000	-0,000086750
0,127900000	-0,000086750
0,126000000	-0,000086800
0,123900000	-0,000086870
0,122000000	-0,000086920
0,119900000	-0,000086900
0,117900000	-0,000086960
0,115900000	-0,000087060
0,114000000	-0,000086980
0,112000000	-0,000087010
0,110000000	-0,000087080
0,108000000	-0,000087120
0,106000000	-0,000087120
0,103900000	-0,000087180
0,102000000	-0,000087230
0,099960000	-0,000087270
0,098060000	-0,000087320
0,095960000	-0,000087430
0,093960000	-0,000087510
0,091970000	-0,000087530
0,090070000	-0,000087520
0,088000000	-0,000087610
0,086030000	-0,000087690
0,083990000	-0,000087760
0,082050000	-0,000087730
0,079940000	-0,000087850
0,078040000	-0,000087850
0,075960000	-0,000087920
0,074080000	-0,000088010
0,071930000	-0,000088010
0,070040000	-0,000088080
0,068010000	-0,000088110
0,066060000	-0,000088170
0,064010000	-0,000088230
0,062040000	-0,000088240
0,060010000	-0,000088250
0,058060000	-0,000088280
0,055960000	-0,000088400
0,054050000	-0,000088430
0,051980000	-0,000088450
0,050040000	-0,000088490
0,047950000	-0,000088520
0,046040000	-0,000088680
0,044010000	-0,000088810
0,042060000	-0,000088780
0,039930000	-0,000088910
0,038030000	-0,000089000
0,036010000	-0,000089090
0,034070000	-0,000089230
0,031980000	-0,000089220
0,030060000	-0,000089220
0,027990000	-0,000089330
0,026080000	-0,000089390
0,023950000	-0,000089490
0,022040000	-0,000089550
0,020000000	-0,000089590
0,018070000	-0,000089590
0,016060000	-0,000089740
0,013950000	-0,000089750
0,012010000	-0,000089820
0,010030000	-0,000089850
0,008022000	-0,000089950
0,006020000	-0,000089920
0,004001000	-0,000090030
0,002041000	-0,000090090
0,000019170	-0,000090110
-0,001978000	-0,000090170
-0,003988000	-0,000090200
-0,005950000	-0,000090330
-0,007938000	-0,000090330
-0,010020000	-0,000090440
-0,012000000	-0,000090460
-0,013950000	-0,000090520
-0,015960000	-0,000090680
-0,017960000	-0,000090770
-0,019980000	-0,000090880
-0,021920000	-0,000091000
-0,024000000	-0,000091090
-0,025960000	-0,000091180
-0,027980000	-0,000091300
-0,029920000	-0,000091370
-0,031960000	-0,000091440
-0,033980000	-0,000091510
-0,035960000	-0,000091610
-0,037930000	-0,000091610
-0,039940000	-0,000091790
-0,041950000	-0,000091760
-0,043960000	-0,000091830
-0,045920000	-0,000091930
-0,047970000	-0,000092030
-0,049950000	-0,000092090
-0,051960000	-0,000092030
-0,053920000	-0,000092140
-0,055970000	-0,000092200
-0,057960000	-0,000092310
-0,059990000	-0,000092420
-0,061900000	-0,000092480
-0,063920000	-0,000092610
-0,065950000	-0,000092680
-0,067960000	-0,000092760
-0,069920000	-0,000092730
-0,071960000	-0,000092870
-0,073960000	-0,000092950
-0,075980000	-0,000092930
-0,077930000	-0,000093060
-0,079960000	-0,000093180
-0,081960000	-0,000093320
-0,083980000	-0,000093440
-0,085960000	-0,000093410
-0,087980000	-0,000093420
-0,089950000	-0,000093580
-0,091950000	-0,000093720
-0,093920000	-0,000093750
-0,095960000	-0,000093870
-0,097940000	-0,000094000
-0,099980000	-0,000094210
-0,101900000	-0,000094220
-0,104000000	-0,000094330
-0,105900000	-0,000094390
-0,107900000	-0,000094490
-0,109900000	-0,000094590
-0,111900000	-0,000094710
-0,113900000	-0,000094800
-0,115900000	-0,000094860
-0,117900000	-0,000094930
-0,119900000	-0,000095090
-0,121900000	-0,000095190
-0,123900000	-0,000095320
-0,125900000	-0,000095410
-0,127900000	-0,000095380
-0,129900000	-0,000095410
-0,131900000	-0,000095610
-0,133900000	-0,000095720
-0,135900000	-0,000095870
-0,137900000	-0,000095850
-0,139900000	-0,000095970
-0,141900000	-0,000096090
-0,143900000	-0,000096230
-0,145900000	-0,000096270
-0,147900000	-0,000096320
-0,149900000	-0,000096390
-0,151900000	-0,000096560
-0,153900000	-0,000096640
-0,155900000	-0,000096700
-0,157900000	-0,000096830
-0,159900000	-0,000097020
-0,162000000	-0,000097220
-0,164000000	-0,000097290
-0,165900000	-0,000097470
-0,167900000	-0,000097530
-0,169900000	-0,000097660
-0,171900000	-0,000098000
-0,173900000	-0,000098200
-0,175900000	-0,000098350
-0,177900000	-0,000098470
-0,179900000	-0,000098640
-0,181900000	-0,000098660
-0,183900000	-0,000098850
-0,185900000	-0,000099020
-0,187900000	-0,000099120
-0,189900000	-0,000099220
-0,191900000	-0,000099360
-0,193900000	-0,000099470
-0,195900000	-0,000099560
-0,197900000	-0,000099630
-0,199900000	-0,000099680
-0,201900000	-0,000099820
-0,204000000	-0,000099890
-0,205900000	-0,000099980
-0,207900000	-0,000100200
-0,209900000	-0,000100200
-0,212000000	-0,000100300
-0,213900000	-0,000100300
-0,216000000	-0,000100400
-0,217900000	-0,000100500
-0,219900000	-0,000100500
-0,221900000	-0,000100600
-0,223900000	-0,000100700
-0,225900000	-0,000100800
-0,227900000	-0,000100800
-0,229900000	-0,000100900
-0,231900000	-0,000101000
-0,233900000	-0,000101000
-0,235900000	-0,000101100
-0,237900000	-0,000101200
-0,239800000	-0,000101200
-0,241900000	-0,000101300
-0,243900000	-0,000101500
-0,245900000	-0,000101500
-0,247900000	-0,000101500
-0,249900000	-0,000101500
-0,251900000	-0,000101700
-0,253900000	-0,000101700
-0,255900000	-0,000101800
-0,257900000	-0,000101800
-0,259900000	-0,000101800
-0,261900000	-0,000101900
-0,263900000	-0,000102100
-0,265900000	-0,000102100
-0,267900000	-0,000102100
-0,269900000	-0,000102200
-0,271900000	-0,000102300
-0,273900000	-0,000102400
-0,275900000	-0,000102500
-0,277900000	-0,000102500
-0,279900000	-0,000102500
-0,281900000	-0,000102700
-0,283900000	-0,000102800
-0,285900000	-0,000102900
-0,287900000	-0,000102900
-0,290000000	-0,000102900
-0,291900000	-0,000103100
-0,293900000	-0,000103100
-0,295900000	-0,000103300
-0,297900000	-0,000103400
-0,299900000	-0,000103400
-0,301900000	-0,000103600
-0,303900000	-0,000103700
-0,305900000	-0,000103700
-0,307900000	-0,000103800
-0,309900000	-0,000104100
-0,311900000	-0,000104200
-0,313900000	-0,000104200
-0,315900000	-0,000104300
-0,317900000	-0,000104400
-0,319800000	-0,000104500
-0,321900000	-0,000104700
-0,323900000	-0,000104800
-0,325900000	-0,000104900
-0,327900000	-0,000105000
-0,329900000	-0,000105100
-0,331900000	-0,000105200
-0,333800000	-0,000105400
-0,335900000	-0,000105600
-0,337900000	-0,000105600
-0,339900000	-0,000105700
-0,341900000	-0,000106000
-0,343900000	-0,000106200
-0,345900000	-0,000106300
-0,347900000	-0,000106500
-0,349800000	-0,000106700
-0,351900000	-0,000106900
-0,353900000	-0,000107000
-0,355900000	-0,000107300
-0,357900000	-0,000107400
-0,359900000	-0,000107700
-0,361900000	-0,000107800
-0,363900000	-0,000108100
-0,365800000	-0,000108300
-0,367700000	-0,000108400
-0,369900000	-0,000108500
-0,371900000	-0,000108800
-0,373900000	-0,000109000
-0,375900000	-0,000109200
-0,377900000	-0,000109500
-0,379900000	-0,000109500
-0,381800000	-0,000109800
-0,383900000	-0,000110100
-0,385900000	-0,000110300
-0,387900000	-0,000110600
-0,389800000	-0,000110900
-0,391800000	-0,000111200
-0,393900000	-0,000111400
-0,395800000	-0,000111700
-0,397900000	-0,000112000
-0,399900000	-0,000112200
-0,401900000	-0,000112600
-0,403900000	-0,000112800
-0,405800000	-0,000113200
-0,407900000	-0,000113900
-0,409900000	-0,000114200
-0,411800000	-0,000114400
-0,413800000	-0,000114700
-0,415800000	-0,000115000
-0,418000000	-0,000115400
-0,419900000	-0,000115700
-0,421800000	-0,000116000
-0,423900000	-0,000116300
-0,425900000	-0,000116700
-0,427900000	-0,000116900
-0,429800000	-0,000117200
-0,431900000	-0,000117500
-0,433800000	-0,000117900
-0,435900000	-0,000118200
-0,437800000	-0,000118500
-0,439800000	-0,000118800
-0,441900000	-0,000119300
-0,443900000	-0,000119600
-0,445800000	-0,000119900
-0,447800000	-0,000120300
-0,449900000	-0,000120700
-0,451800000	-0,000121200
-0,453800000	-0,000121500
-0,455800000	-0,000121700
-0,457900000	-0,000122200
-0,459900000	-0,000122500
-0,461800000	-0,000122800
-0,463900000	-0,000123300
-0,465800000	-0,000123700
-0,467800000	-0,000124100
-0,469800000	-0,000124500
-0,471800000	-0,000124900
-0,473900000	-0,000125300
-0,475900000	-0,000125800
-0,477800000	-0,000126100
-0,479900000	-0,000126500
-0,481800000	-0,000127000
-0,483800000	-0,000127300
-0,485800000	-0,000127800
-0,487900000	-0,000128100
-0,489800000	-0,000128700
-0,491900000	-0,000129200
-0,493800000	-0,000129600
-0,495900000	-0,000130100
-0,497800000	-0,000130500
-0,499900000	-0,000130900
-0,501800000	-0,000131400
-0,503900000	-0,000132000
-0,505800000	-0,000132300
-0,507900000	-0,000132700
-0,509800000	-0,000133100
-0,511800000	-0,000133700
-0,513800000	-0,000134100
-0,515800000	-0,000134600
-0,517800000	-0,000135200
-0,519800000	-0,000135600
-0,521800000	-0,000136100
-0,523800000	-0,000136700
-0,525800000	-0,000137400
-0,527800000	-0,000137900
-0,529800000	-0,000138400
-0,531800000	-0,000139000
-0,533800000	-0,000139300
-0,535800000	-0,000140000
-0,537800000	-0,000140500
-0,539800000	-0,000141000
-0,541800000	-0,000141500
-0,543800000	-0,000142000
-0,545800000	-0,000142500
-0,547800000	-0,000143200
-0,549800000	-0,000143800
-0,551800000	-0,000144400
-0,553800000	-0,000144800
-0,555800000	-0,000145400
-0,557800000	-0,000146100
-0,559800000	-0,000146700
-0,561800000	-0,000147200
-0,563800000	-0,000147700
-0,565800000	-0,000148300
-0,567800000	-0,000148900
-0,569800000	-0,000149400
-0,571800000	-0,000150000
-0,573800000	-0,000150600
-0,575700000	-0,000151100
-0,577800000	-0,000151800
-0,579800000	-0,000152100
-0,581800000	-0,000152700
-0,583800000	-0,000153300
-0,585800000	-0,000153800
-0,587900000	-0,000154400
-0,589800000	-0,000154900
-0,591800000	-0,000155500
-0,593800000	-0,000156000
-0,595800000	-0,000156600
-0,597800000	-0,000157100
-0,599800000	-0,000157700
-0,601800000	-0,000158300
-0,603800000	-0,000158800
-0,605800000	-0,000159500
-0,607800000	-0,000160000
-0,609800000	-0,000160500
-0,611800000	-0,000161000
-0,613800000	-0,000161500
-0,615800000	-0,000162200
-0,617800000	-0,000162700
-0,619800000	-0,000163400
-0,621800000	-0,000163900
-0,623700000	-0,000164600
-0,625800000	-0,000165000
-0,627800000	-0,000165500
-0,629800000	-0,000166000
-0,631800000	-0,000166700
-0,633800000	-0,000167100
-0,635800000	-0,000167600
-0,637800000	-0,000168300
-0,639800000	-0,000168800
-0,641800000	-0,000169400
-0,643800000	-0,000169900
-0,645800000	-0,000170400
-0,647800000	-0,000170800
-0,649800000	-0,000171400
-0,651700000	-0,000171900
-0,653800000	-0,000172600
-0,655800000	-0,000173100
-0,657800000	-0,000173900
-0,659800000	-0,000174500
-0,661800000	-0,000175000
-0,663800000	-0,000175600
-0,665800000	-0,000176200
-0,667800000	-0,000176700
-0,669800000	-0,000177300
-0,671800000	-0,000178000
-0,673800000	-0,000178600
-0,675800000	-0,000179100
-0,677800000	-0,000179700
-0,679800000	-0,000180100
-0,681800000	-0,000180800
-0,683800000	-0,000181200
-0,685800000	-0,000181900
-0,687800000	-0,000182600
-0,689800000	-0,000183100
-0,691800000	-0,000183700
-0,693800000	-0,000184200
-0,695800000	-0,000184800
-0,697800000	-0,000185400
-0,699900000	-0,000185900
-0,701800000	-0,000186500
-0,703700000	-0,000187000
-0,705800000	-0,000187900
-0,707800000	-0,000188500
-0,709800000	-0,000189000
-0,711800000	-0,000189600
-0,713800000	-0,000190200
-0,715800000	-0,000190700
-0,717800000	-0,000191100
-0,719800000	-0,000191700
-0,721800000	-0,000192500
-0,723900000	-0,000193000
-0,725800000	-0,000193500
-0,727700000	-0,000194300
-0,729700000	-0,000194900
-0,731700000	-0,000195400
-0,733700000	-0,000195800
-0,735800000	-0,000196400
-0,737800000	-0,000197000
-0,739700000	-0,000197600
-0,741800000	-0,000198300
-0,743800000	-0,000198700
-0,745700000	-0,000199200
-0,747800000	-0,000199900
-0,749800000	-0,000200600
-0,751700000	-0,000201300
-0,753800000	-0,000201900
-0,755700000	-0,000202400
-0,757700000	-0,000202900
-0,759800000	-0,000203500
-0,761800000	-0,000204000
-0,763700000	-0,000204600
-0,765800000	-0,000205400
-0,767800000	-0,000206000
-0,769700000	-0,000206600
-0,771700000	-0,000207200
-0,773800000	-0,000207600
-0,775700000	-0,000208200
-0,777900000	-0,000208700
-0,779900000	-0,000209100
-0,781700000	-0,000209700
-0,783800000	-0,000210300
-0,785800000	-0,000210900
-0,787800000	-0,000211500
-0,789800000	-0,000212300
-0,791800000	-0,000212900
-0,793800000	-0,000213400
-0,795700000	-0,000214100
-0,797700000	-0,000214800
-0,799800000	-0,000215500
-0,801800000	-0,000216000
-0,803700000	-0,000216600
-0,805800000	-0,000217200
-0,807700000	-0,000217600
-0,809700000	-0,000218200
-0,811800000	-0,000218900
-0,813700000	-0,000219500
-0,815700000	-0,000219900
-0,817700000	-0,000220500
-0,819800000	-0,000221000
-0,821700000	-0,000221600
-0,823700000	-0,000222300
-0,825800000	-0,000222800
-0,827700000	-0,000223400
-0,829800000	-0,000223900
-0,831700000	-0,000224400
-0,833800000	-0,000225100
-0,835700000	-0,000225700
-0,837800000	-0,000226400
-0,839800000	-0,000227000
-0,841800000	-0,000227600
-0,843800000	-0,000228300
-0,845700000	-0,000228800
-0,847700000	-0,000229200
-0,849700000	-0,000230000
-0,851800000	-0,000230400
-0,853800000	-0,000231100
-0,855800000	-0,000231600
-0,857700000	-0,000232500
-0,859700000	-0,000232900
-0,861800000	-0,000233200
-0,863800000	-0,000233800
-0,865800000	-0,000234500
-0,867800000	-0,000235300
-0,869800000	-0,000235800
-0,871700000	-0,000236500
-0,873700000	-0,000237200
-0,875800000	-0,000237500
-0,877700000	-0,000237900
-0,879700000	-0,000238600
-0,881700000	-0,000239200
-0,883700000	-0,000239900
-0,885700000	-0,000240400
-0,887700000	-0,000241000
-0,889700000	-0,000241500
-0,891700000	-0,000242300
-0,893800000	-0,000242800
-0,895700000	-0,000243400
-0,897700000	-0,000244100
-0,899800000	-0,000244700
-0,901700000	-0,000245400
-0,903700000	-0,000245900
-0,905800000	-0,000246500
-0,907800000	-0,000247000
-0,909700000	-0,000247400
-0,911700000	-0,000248000
-0,913700000	-0,000248600
-0,915700000	-0,000249400
-0,917700000	-0,000249900
-0,919700000	-0,000250300
-0,921700000	-0,000251000
-0,923700000	-0,000251600
-0,925700000	-0,000252300
-0,927700000	-0,000252700
-0,929800000	-0,000253400
-0,931800000	-0,000254100
-0,933700000	-0,000254500
-0,935700000	-0,000254900
-0,937700000	-0,000255500
-0,939700000	-0,000256100
-0,941700000	-0,000256600
-0,943700000	-0,000257300
-0,945700000	-0,000257700
-0,947700000	-0,000258600
-0,949700000	-0,000259300
-0,951700000	-0,000259800
-0,953700000	-0,000260300
-0,955700000	-0,000260800
-0,957700000	-0,000261200
-0,959600000	-0,000262000
-0,961700000	-0,000262400
-0,963700000	-0,000262700
-0,965700000	-0,000263300
-0,967700000	-0,000264000
-0,969700000	-0,000264900
-0,971700000	-0,000265500
-0,973700000	-0,000266300
-0,975700000	-0,000266700
-0,977700000	-0,000267500
-0,979700000	-0,000267900
-0,981700000	-0,000268300
-0,983700000	-0,000269000
-0,985700000	-0,000269700
-0,987700000	-0,000270300
-0,989700000	-0,000270900
-0,991700000	-0,000271400
-0,993700000	-0,000272100
-0,995700000	-0,000272700
-0,997700000	-0,000273200
-0,999700000	-0,000273500
-1,002000000	-0,000274300
-1,004000000	-0,000274900
-1,006000000	-0,000275500
-1,008000000	-0,000275900
-1,010000000	-0,000276400
-1,012000000	-0,000276700
-1,014000000	-0,000277400
-1,016000000	-0,000278000
-1,018000000	-0,000278600
-1,020000000	-0,000279300
-1,022000000	-0,000279900
-1,024000000	-0,000280700
-1,026000000	-0,000281400
-1,028000000	-0,000281900
-1,030000000	-0,000282500
-1,032000000	-0,000282800
-1,034000000	-0,000283500
-1,036000000	-0,000284200
-1,038000000	-0,000284800
-1,040000000	-0,000285400
-1,042000000	-0,000285900
-1,044000000	-0,000286300
-1,046000000	-0,000286800
-1,048000000	-0,000287300
-1,050000000	-0,000287700
-1,052000000	-0,000288100
-1,054000000	-0,000288700
-1,056000000	-0,000289200
-1,058000000	-0,000289800
-1,060000000	-0,000290600
-1,062000000	-0,000291100
-1,064000000	-0,000291400
-1,066000000	-0,000292000
-1,068000000	-0,000292400
-1,070000000	-0,000292800
-1,072000000	-0,000293600
-1,074000000	-0,000294200
-1,076000000	-0,000294300
-1,078000000	-0,000295100
-1,080000000	-0,000295500
-1,082000000	-0,000296000
-1,084000000	-0,000296300
-1,086000000	-0,000296800
-1,088000000	-0,000297200
-1,090000000	-0,000298000
-1,092000000	-0,000298500
-1,094000000	-0,000299000
-1,096000000	-0,000299700
-1,098000000	-0,000300300
-1,100000000	-0,000300700
-1,102000000	-0,000301100
-1,104000000	-0,000301500
-1,106000000	-0,000301900
-1,108000000	-0,000302600
-1,110000000	-0,000302900
-1,112000000	-0,000303800
-1,114000000	-0,000304200
-1,116000000	-0,000304700
-1,118000000	-0,000304900
-1,120000000	-0,000305400
-1,122000000	-0,000305700
-1,124000000	-0,000306200
-1,126000000	-0,000306500
-1,128000000	-0,000307200
-1,130000000	-0,000307900
-1,132000000	-0,000308200
-1,134000000	-0,000308700
-1,136000000	-0,000309300
-1,138000000	-0,000309900
-1,140000000	-0,000310200
-1,142000000	-0,000310600
-1,144000000	-0,000311000
-1,146000000	-0,000311700
-1,148000000	-0,000312100
-1,150000000	-0,000312400
-1,152000000	-0,000312800
-1,154000000	-0,000313400
-1,156000000	-0,000313900
-1,158000000	-0,000314500
-1,160000000	-0,000315000
-1,162000000	-0,000315400
-1,164000000	-0,000315800
-1,166000000	-0,000316200
-1,168000000	-0,000316900
-1,170000000	-0,000317400
-1,172000000	-0,000317800
-1,174000000	-0,000318400
-1,176000000	-0,000318700
-1,178000000	-0,000319200
-1,180000000	-0,000319700
-1,182000000	-0,000319900
-1,184000000	-0,000320400
-1,186000000	-0,000320900
-1,188000000	-0,000321300
-1,190000000	-0,000321500
-1,192000000	-0,000322000
-1,194000000	-0,000322700
-1,196000000	-0,000323000
-1,198000000	-0,000323400
-1,200000000	-0,000323800
